lorenzo 5001 1668795533 1668795614
lorenzo 5001 1668806525 1668806600
alessandro 5002 1668806578 1668806652
lorenzo 5001 1668806615 1668806973
rachele 5002 1668806778 1668806976
lorenzo 5001 1668811619 1668811841
alessandro 5002 1668811626 1668811642
rachele 5002 1668811684 1668811706
rachele 5002 1668811729 1668811759
alessandro 5002 1668811766 1668811811
rachele 5002 1668811819 1668811843
marcello 5001 1668850698 1668850733
alessandro 5003 1668850703 32766
marcello 5001 1668850793 1668850874
marcello 5002 1668850913 32764
marcello 5001 1668851291 32766
alessandro 5003 1668851307 32766
marcello 5001 1668851526 1668852091
alessandro 5003 1668851533 1668852089
marcello 5001 1668852142 1668852144
lorenzo 5001 1668852153 1668852710
alessandro 5002 1668852170 1668852194
rachele 5002 1668852247 1668852364
alessandro 5002 1668852376 1668852451
alessandro 5003 1668852685 1668852708
user1 5001 1668855697 1668855702
user1 5003 1668856083 1668856098
user2 5003 1668856159 1668856171
user2 5003 1668856176 1668856211
user3 5003 1668856232 1668856247
user3 5001 1668870851 1668870856
user2 5001 1668870865 1668870870
user3 5001 1668870877 1668870946
user3 5001 1668870953 1668870997
user3 5001 1668871004 1668871014
user1 5002 1668871207 1668871268
user2 5001 1668871214 1668871259
user1 5002 1668871273 1668871278
user2 5001 1668871292 1668871305
user1 5001 1668871310 1668871314
user1 5001 1668874270 1668874505
user1 5001 1668883316 1668883424
user1 5001 1668883434 1668883443
user1 5001 1668936939 1668937019
user2 5002 1668936999 1668937021
user1 5002 1668937134 1668937258
user2 5001 1668937139 1668937260
user1 5001 1668937329 1668937358
user2 5002 1668937348 1668937362
user3 5003 1668937867 1668938020
user2 5002 1668937874 1668938016
user1 5001 1668937879 1668938013
user1 5001 1668938687 1668938813
user2 5002 1668938691 1668938811
user3 5003 1668938697 1668938809
user3 5003 1668938819 1668938866
user1 5001 1668939510 1668939532
user2 5002 1668939515 1668939526
user1 5001 1668939721 1668939758
user2 5002 1668939732 1668939760
user1 5001 1668940010 1668940137
user2 5002 1668940017 1668940139
user1 5001 1668941449 1668941517
user2 5003 1668941458 1668941513
user3 5003 1668941543 1668941689
user1 5001 1668941548 1668941692
user2 5002 1668941562 1668941688
user1 5001 1668941804 1668941815
user3 5003 1668943994 1668944285
user2 5002 1668944001 1668944283
user1 5001 1668944006 1668944288
user2 5002 1668944332 32765
user3 5003 1668944336 1668944487
user1 5001 1668944348 1668944484
user2 5002 1668944533 1668945947
user1 5001 1668944559 1668945946
user3 5003 1668944568 1668945947
user1 5001 1668946009 1668946048
user2 5002 1668946013 1668946051
user3 5003 1668946018 1668946053
user1 5001 1668953477 1668953544
user2 5002 1668953482 1668953546
user1 5001 1668953631 32766
user2 5002 1668953636 32767
user3 5003 1668953640 32765
user1 5001 1668954522 1668954576
user2 5002 1668954529 32766
user3 5003 1668954534 1668954583
user1 5001 1668954613 32764
user2 5002 1668954623 32765
user3 5003 1668954628 32765
user1 5001 1668954751 1668954843
user2 5002 1668954756 1668954971
user3 5003 1668954762 1668954897
user3 5003 1668954918 1668954969
user2 5002 1668954987 1668954998
user3 5003 1668954992 1668954996
user1 5001 1668955006 1668955155
user2 5002 1668955013 1668955138
user3 5003 1668955021 32765
user1 5001 1668955236 1668955349
user2 5002 1668955241 1668955351
user3 5003 1668955246 1668955353
user1 5001 1668955562 1668955582
user1 5001 1668955608 1668955662
user2 5002 1668955614 1668957030
user3 5003 1668955618 1668955667
user1 5001 1668955693 1668955699
user1 5001 1668956700 1668956706
user1 5001 1668957006 1668957067
user3 5003 1668957077 1668957078
user1 5001 1668957140 1668957157
user1 5001 1668957189 1668957203
user1 5001 1668957246 1668957280
user1 5001 1668958034 1668958052
user2 5002 1668958039 1668959162
user3 5003 1668958044 1668958057
user1 5001 1668959142 1668959246
user3 5003 1668959171 1668959174
user3 5003 1668959213 1668959229
user1 5001 1668959288 1668959350
user2 5002 1668959298 1668959326
user3 5003 1668959303 1668959353
user2 5002 1668959334 1668959352
user1 5001 1668959423 1668959463
user2 5002 1668959429 1668959465
user3 5003 1668959434 1668959467
user1 5001 1668960948 1668961041
user2 5002 1668960952 1668961035
user3 5003 1668960958 1668961038
user1 5001 1668961105 1668961505
user2 5002 1668961111 1668961500
user3 5003 1668961117 1668961502
user1 5001 1668961647 1668961952
user2 5002 1668961652 1668961989
user3 5003 1668961657 1668961992
user1 5001 1668961958 1668961987
user1 5001 1668962084 1668962371
user2 5002 1668962088 1668962364
user3 5003 1668962093 1668962374
user1 5001 1668962519 1668962640
user2 5002 1668962523 1668962636
user3 5003 1668962527 1668962643
user1 5001 1668964439 1668964825
user2 5002 1668964446 1668964894
user3 5003 1668964451 1668964897
user1 5001 1668964982 1668965105
user2 5002 1668964986 1668965108
user3 5003 1668964993 1668965110
user1 5001 1668965231 32767
user2 5002 1668965237 1668965317
user3 5003 1668965242 1668965320
user1 5001 1668966047 1668966157
user2 5002 1668966067 1668966154
user3 5003 1668966071 1668966159
user1 5001 1668966429 1668966659
user2 5002 1668966434 1668966652
user3 5003 1668966438 1668966656
user1 5001 1668967243 1668967394
user2 5002 1668967252 1668967396
user3 5003 1668967257 1668967397
user1 5001 1668967760 1668967852
user2 5002 1668967764 1668967857
user3 5003 1668967768 1668967855
user1 5001 1668967995 1668968122
user2 5002 1668967999 1668968196
user3 5003 1668968003 1668968200
user1 5001 1668968277 1668968282
user1 5001 1668968511 1668968669
user2 5002 1668968516 32767
user3 5003 1668968520 1668968730
user1 5001 1668969375 1668969437
user2 5002 1668969380 1668969604
user3 5003 1668969386 1668969440
user1 5003 1668969581 1668969664
user1 5001 1668969712 1668969765
user2 5002 1668969718 1668969759
user3 5003 1668969723 1668969762
user3 5003 1668969947 1668970084
user2 5002 1668969952 1668970081
user1 5001 1668969958 1668970088
user3 5003 1668970135 1668970241
user2 5002 1668970141 1668970252
user1 5001 1668970145 1668970225
user1 5001 1669037827 1669038186
user2 5002 1669037832 1669038072
user3 5003 1669037836 1669038047
user3 5003 1669038058 1669038191
user2 5002 1669038084 1669038188
user1 5001 1669038210 1669038345
user2 5002 1669038216 1669038362
user3 5003 1669038223 1669038254
user1 5001 1669038349 1669038360
user1 5001 1669038383 1669038659
user2 5002 1669038388 1669038655
user3 5003 1669038392 1669038418
user1 5001 1669039761 1669039800
user2 5002 1669039767 1669039789
user1 5001 1669039817 1669039856
user3 5003 1669039830 1669039971
user2 5002 1669039836 1669039947
user1 5001 1669039953 1669040074
user2 5002 1669039960 1669040071
user1 5001 1669040694 1669040739
user2 5002 1669040701 1669041016
user3 5003 1669040706 1669041018
user1 5001 1669041181 1669041209
user2 5002 1669041187 1669041385
user3 5003 1669041193 1669041390
user1 5001 1669041355 1669041387
user1 5001 1669041733 1669041824
user2 5002 1669041738 1669042097
user3 5003 1669041743 1669042102
user1 5001 1669041928 1669042126
user1 5001 1669042404 1669042486
user2 5002 1669042410 1669043059
user3 5003 1669042414 1669043060
user1 5001 1669042508 1669042522
user1 5001 1669043550 1669043661
user2 5002 1669043555 1669043658
user3 5003 1669043561 1669043656
user3 5003 1669043735 1669043816
user2 5002 1669043740 1669043811
user1 5001 1669043746 1669043814
user1 5001 1669044709 1669044833
user2 5002 1669044716 1669044826
user3 5003 1669044724 1669044828
user1 5001 1669046277 1669046389
user2 5002 1669046283 1669046382
user3 5003 1669046287 1669046386
user1 5001 1669046409 1669046483
user2 5002 1669046413 1669046849
user3 5003 1669046417 1669046852
user1 5001 1669046567 1669046588
user1 5001 1669047520 1669047739
user2 5002 1669047525 1669047664
user3 5003 1669047530 1669047744
user2 5002 1669047671 1669047736
user1 5001 1669047769 1669047956
user2 5002 1669047775 1669047950
user3 5003 1669047779 1669047952
user1 5001 1669048862 1669048958
user2 5002 1669048866 1669048956
user3 5003 1669048872 1669048960
user1 5001 1669049289 1669049346
user2 5002 1669049294 1669049343
user3 5003 1669049302 1669049349
user1 5001 1669049400 1669049462
user2 5002 1669049405 1669049457
user3 5003 1669049410 1669049459
user1 5001 1669049495 1669049584
user2 5002 1669049500 1669049579
user3 5003 1669049505 1669049582
user1 5001 1669049829 1669049911
user2 5002 1669049836 1669049909
user3 5003 1669049840 1669049913
user1 5001 1669050109 1669050249
user2 5002 1669050116 1669050251
user3 5003 1669050122 1669050253
user2 5002 1669050269 1669050534
user3 5003 1669050274 1669050532
user1 5001 1669050289 1669050536
user1 5001 1669050645 1669050918
user2 5002 1669050651 1669051170
user3 5003 1669050656 1669051174
user1 5001 1669050940 1669051166
user1 5001 1669051460 1669051535
user2 5002 1669051488 1669051538
user3 5003 1669051500 1669051540
user2 5002 1669051569 1669051985
user3 5003 1669051590 1669051598
user1 5003 1669051725 1669051731
user3 5004 1669051738 1669052029
user1 5001 1669051754 1669051773
user1 5003 1669051820 1669051983
user1 5001 1669052438 1669052487
user2 5002 1669052445 1669052510
user3 5003 1669052453 1669052512
user1 5001 1669052727 1669053021
user2 5002 1669052732 1669053018
user3 5003 1669052736 1669053016
user1 5001 1669113788 1669113814
user2 5002 1669113794 1669113817
user1 5001 1669113842 1669113900
user2 5002 1669113848 1669113898
user3 5003 1669113852 1669113903
user1 5001 1669217549 1669217705
user2 5002 1669217555 1669217715
user3 5003 1669217559 32767
user1 5001 1669217777 1669218019
user2 5002 1669217782 1669218013
user3 5003 1669217787 1669218017
user1 5001 1669218653 32764
user2 5002 1669218659 1669218837
user3 5003 1669218671 32764
user1 5001 1669218935 32764
user2 5002 1669218939 1669219150
user3 5003 1669218943 32765
user1 5001 1669219216 1669219396
user2 5002 1669219220 1669219399
user3 5003 1669219226 32767
user1 5001 1669219954 32765
user2 5002 1669219960 32764
user1 5001 1669221149 1669221458
user2 5002 1669221155 32767
user3 5003 1669221160 32766
user1 5001 1669221553 1669221787
user2 5002 1669221558 1669221785
user3 5003 1669221562 1669221790
user1 5001 1669222957 1669223319
user2 5002 1669222964 1669223312
user3 5003 1669222971 32764
user1 5001 1669223359 1669223545
user2 5002 1669223366 1669223537
user3 5003 1669223372 1669223542
user1 5001 1669223967 1669224131
user2 5002 1669223973 1669224102
user3 5003 1669223978 1669224108
user1 5001 1669224248 1669224307
user2 5002 1669224254 1669224305
user3 5003 1669224260 1669224309
user1 5001 1669226618 1669226729
user2 5002 1669226623 1669226725
user3 5003 1669226627 1669226733
user1 5001 1669226817 32766
user1 5001 1669226897 1669226973
user2 5002 1669226901 1669226978
user3 5003 1669226906 1669226982
user1 5001 1669227772 32764
user2 5002 1669227777 32765
user3 5003 1669227783 1669227808
user1 5001 1669228138 1669228164
user2 5002 1669228143 32766
user3 5003 1669228147 1669228166
user1 5001 1669228222 1669228274
user2 5002 1669228229 1669228365
user3 5003 1669228235 1669228284
user1 5001 1669228349 1669228499
user2 5002 1669228376 1669228495
user3 5003 1669228456 1669228503
user1 5001 1669228537 1669228747
user2 5002 1669228542 1669228745
user3 5003 1669228547 1669228717
user3 5003 1669228726 1669228749
user1 5001 1669228774 1669228867
user2 5002 1669228778 1669228870
user3 5003 1669228783 1669228872
user1 5001 1669229030 1669229124
user2 5002 1669229035 1669229119
user3 5003 1669229039 1669229127
user1 5001 1669229193 1669229283
user2 5002 1669229199 1669229281
user3 5003 1669229202 1669229285
user1 5001 1669229404 1669230204
user2 5002 1669229410 1669230199
user3 5003 1669229415 1669230214
user1 5001 1669297032 1669297130
user2 5002 1669297037 1669297122
user3 5003 1669297041 1669297126
user1 5001 1669297166 1669297233
user2 5002 1669297170 1669297223
user3 5003 1669297174 1669297230
user1 5001 1669297544 1669297784
user2 5002 1669297550 1669297789
user3 5003 1669297555 1669297793
user1 5001 1669297816 1669297888
user2 5002 1669297821 1669297886
user3 5003 1669297826 1669297890
user1 5001 1669298590 1669299185
user2 5002 1669298596 1669299191
user3 5003 1669298599 1669298609
user1 5001 1669299634 1669299669
user2 5002 1669299639 1669299745
user3 5003 1669299643 1669299749
user1 5001 1669299844 1669299933
user2 5002 1669299849 1669300156
user3 5003 1669299854 1669300162
user1 5001 1669299962 1669299981
user4 5001 1669300045 1669300158
user1 5001 1669300316 1669300334
user2 5002 1669300320 1669300371
user3 5003 1669300324 1669300376
user1 5001 1669300346 1669300354
user4 5001 1669300366 1669300373
user1 5001 1669301876 1669302068
user2 5002 1669301881 1669302063
user3 5003 1669301887 1669302013
user3 5003 1669302030 1669302040
user4 5003 1669302048 1669302065
user1 5001 1669303367 1669303388
user2 5002 1669303372 1669303469
user3 5003 1669303376 1669303473
user4 5001 1669303408 1669303432
user1 5001 1669303518 1669303562
user2 5002 1669303523 32765
user3 5003 1669303527 1669303608
user4 5001 1669303585 1669303654
user1 5001 1669390538 1669390553
user2 5002 1669390638 1669390804
user1 5001 1669390661 1669390801
user1 5001 1669391243 1669391323
user1 5001 1669391363 1669391521
user2 5002 1669391388 1669391527
user1 5001 1669391584 1669391650
user2 5002 1669391594 1669391792
user1 5001 1669391776 1669392052
user2 5002 1669391801 1669392057
user1 5001 1669392596 32764
user2 5002 1669392606 1669392810
user2 5002 1669392830 1669392868
user3 5003 1669392882 32764
user2 5002 1669392910 1669393020
user1 5001 1669393293 1669393515
user2 5002 1669393301 1669393307
user3 5003 1669393318 1669393495
user2 5002 1669393336 1669393509
user1 5001 1669394779 1669394903
user2 5002 1669394785 1669394795
user2 5002 1669394812 1669394835
user3 5003 1669394851 1669394857
user2 5002 1669394859 1669394872
user2 5002 1669394891 1669394897
user1 5001 1669395617 1669395623
user1 5001 1669395638 1669395640
user1 5001 1669395678 1669395682
user1 5001 1669449376 1669449638
user2 5002 1669449496 1669449536
user3 5003 1669449502 1669449635
user2 5002 1669449583 1669449591
user2 5002 1669449614 1669449633
user1 5001 1669462814 1669462840
user2 5002 1669462847 1669462917
user1 5001 1669462894 1669463882
user2 5002 1669462941 1669463892
user1 5001 1669464466 1669464544
user2 5002 1669464482 1669464540
user1 5001 1669474399 1669474731
user2 5002 1669474407 1669474414
user2 5003 1669474431 1669474783
user1 5001 1669474753 1669474803
user2 5002 1669474808 1669475089
user1 5001 1669474832 1669475124
user2 5002 1669475106 1669475122
user1 5001 1669475523 1669475722
user2 5002 1669475540 1669475715
user1 5001 1669475786 32766
user2 5002 1669475799 1669475844
user2 5002 1669475850 1669475962
user1 5001 1669476010 1669476155
user2 5002 1669476017 1669476022
user2 5002 1669476039 1669476153
user1 5001 1669476200 1669476280
user2 5002 1669476210 1669476238
user1 5001 1669477083 1669477151
user2 5002 1669477089 1669477100
user2 5002 1669477129 1669477154
user1 5001 1669477165 1669477207
user2 5002 1669477176 1669478476
user1 5001 1669478454 1669478487
user1 5001 1669478510 1669478512
user1 5001 1669480578 1669480770
user2 5002 1669480671 1669480767
user1 5001 1669480817 1669480900
user2 5002 1669480822 1669480823
user2 5003 1669480839 1669480902
user1 5001 1669481117 1669481229
user2 5003 1669481126 1669481237
user1 5001 1669481314 1669481574
user2 5002 1669481321 1669481322
user3 5003 1669481347 1669481353
user2 5003 1669481360 1669481428
user2 5003 1669481453 1669481570
user1 5001 1669540621 1669540664
user2 5002 1669540639 1669542054
user1 5001 1669540678 1669540691
user1 5001 1669542036 1669542058
user1 5001 1669543058 1669543085
user2 5002 1669543089 1669543095
user1 5001 1669543101 1669543125
user1 5001 1669543373 1669543380
user2 5002 1669543385 1669543389
user1 5001 1669543396 1669543412
user1 5001 1669543907 1669543911
user2 5002 1669543915 1669543924
user1 5001 1669543930 32766
user1 5001 1669545017 1669545021
user2 5003 1669545033 1669545039
user1 5001 1669545046 32767
user1 5001 1669545179 1669545183
user2 5002 1669545188 1669545203
user1 5001 1669545213 32765
user1 5001 1669545321 1669545333
user2 5002 1669545338 1669545347
user1 5001 1669545354 32765
user1 5001 1669547058 1669547063
user2 5002 1669547071 1669547087
user1 5001 1669547094 32765
user1 5001 1669547488 1669547529
user2 5002 1669547532 1669547549
user1 5001 1669547557 1669547587
user1 5001 1669547894 1669547900
user2 5003 1669547905 1669547909
user1 5001 1669547915 1669547989
user1 5001 1669548175 1669548183
user2 5002 1669548190 1669548197
user1 5001 1669548206 1669548244
user1 5001 1669548467 1669548472
user2 5003 1669548477 1669548480
user1 5001 1669548487 1669548508
user1 5001 1669548580 1669548632
user2 5002 1669548638 1669548642
user1 5001 1669548649 1669548674
user1 5001 1669548851 1669548855
user2 5002 1669548863 1669548869
user1 5001 1669548877 1669549005
user1 5001 1669549698 1669549704
user2 5002 1669549709 1669549721
user1 5001 1669549729 1669549801
user1 5001 1669549854 1669549858
user2 5002 1669549862 1669549866
user1 5001 1669549870 1669549947
user1 5001 1669550052 1669550070
user2 5002 1669550061 1669550062
user2 5002 1669550079 1669550083
user1 5001 1669550093 1669550112
user1 5001 1669550177 1669550182
user2 5002 1669550187 1669550195
user1 5001 1669550203 1669550211
user1 5001 1669555472 1669555479
user2 5002 1669555487 1669555491
user1 5001 1669555506 1669555764
user1 5001 1669555949 1669555955
user2 5003 1669555960 1669555963
user1 5001 1669555973 1669556342
user2 5002 1669556186 1669556708
user1 5001 1669556659 1669556782
user2 5002 1669556727 1669556773
user2 5003 1669556788 1669556835
user1 5001 1669556842 1669556875
user1 5001 1669557285 1669557521
user2 5002 1669557290 1669557551
user3 5003 1669557470 1669557554
user1 5001 1669557850 1669557940
user3 5003 1669557873 1669557875
user2 5003 1669557881 1669557910
user1 5001 1669558085 1669558126
user2 5003 1669558090 1669558101
user3 5002 1669558133 1669558139
user2 5003 1669558144 1669558224
user2 5003 1669558236 1669558275
user1 5001 1669558251 1669558267
user2 5001 1669563072 1669563088
user2 5001 1669563682 1669563734
user2 5001 1669563889 1669563902
user1 5001 1669564170 1669564215
user1 5001 1669564223 1669564293
user2 5002 1669564232 1669564244
user2 5003 1669564257 1669564285
user1 5001 1669564325 1669564480
user1 5001 1669564505 1669564553
user1 5001 1669564563 1669564576
user1 5001 1669564824 1669564826
user1 5001 1669564867 1669564876
ale 5003 1669632042 1669632043
user1 5001 1669641540 1669641784
user2 5003 1669641561 1669641779
user3 5002 1669641679 1669641704
user3 5002 1669641756 1669641781
user2 5003 1669641915 1669642786
user1 5002 1669641938 1669642010
user3 5001 1669641945 1669642789
user1 5003 1669642843 1669642847
user2 5003 1669643003 1669643024
user1 5001 1672654249 1672654933
user2 5002 1672654255 1672654926
user3 5003 1672654259 1672654421
user3 5003 1672654451 1672654920
user1 5001 1672655276 1672656062
user2 5002 1672655281 1672656058
user3 5003 1672655287 1672655677
user3 5003 1672655780 1672656055
user1 5001 1672656067 1672656147
user2 5002 1672656081 1672656150
user3 5003 1672656100 1672656152
user1 5001 1672656766 1672657045
user2 5002 1672656772 1672657040
user3 5003 1672656776 1672657042
Elisa 5003 1672673088 32766
Elisa 5001 1672673946 32766
user1 5003 1672673991 1672674017
Elisa 5001 1672674008 1672674019
Elisa 5001 1672675188 1672675253
Elisa 5001 1672675292 1672675296
user1 5001 1672675439 1672675914
user3 5003 1672675443 1672675498
user2 5002 1672675460 1672675889
user3 5003 1672675522 1672675855
user3 5003 1672675862 1672675923
user1 5001 1672675918 1672676046
user3 5003 1672675929 1672676262
user2 5002 1672675989 1672676128
user1 5001 1672676053 1672676256
user2 5002 1672676148 1672676222
user2 5002 1672676229 1672676259
user1 5001 1672676291 1672676551
user2 5002 1672676297 1672676395
user3 5003 1672676301 1672676528
user2 5002 1672676425 1672676515
user3 5003 1672676540 1672676921
user2 5001 1672676562 1672676952
user3 5003 1672676943 1672676945
user1 5001 1672677062 1672677176
user2 5002 1672677068 1672677326
user3 5003 1672677073 1672677198
user1 5003 1672677209 1672677302
user3 5003 1672677316 1672677321
user1 5001 1672677359 1672677592
user2 5002 1672677365 1672677381
user2 5003 1672677391 1672677407
user2 5003 1672677430 1672677595
user3 5002 1672677525 1672677540
user3 5002 1672677551 1672677598
user1 5001 1672677627 1672677722
user3 5002 1672677708 1672677720
user1 5001 1672678539 1672679428
user2 5002 1672678552 1672679413
user3 5003 1672678556 1672678580
user3 5003 1672678610 1672678836
user3 5003 1672678847 1672679259
user3 5003 1672679270 1672679281
user3 5003 1672679288 1672679422
user1 5001 1672679455 1672679621
user2 5002 1672679470 1672679630
user3 5003 1672679481 1672679493
user3 5003 1672679517 1672679549
user3 5003 1672679556 1672679633
user1 5001 1672679655 1672679787
user2 5002 1672679660 1672679950
user3 5003 1672679664 1672679699
user3 5003 1672679713 1672679795
user1 5001 1672679859 1672679900
user1 5001 1672679908 1672679947
user1 5001 1672679973 1672680053
user2 5002 1672679998 1672680009
user2 5003 1672680030 1672680050
user1 5001 1672680082 1672680266
user2 5002 1672680087 1672680270
user3 5003 1672680091 1672680120
user3 5003 1672680135 1672680274
user1 5001 1672680311 1672680447
user2 5002 1672680316 1672680452
user3 5003 1672680321 1672680338
user3 5003 1672680372 1672680456
user1 5001 1672680479 1672680555
user2 5002 1672680484 1672680537
user3 5003 1672680488 1672680500
user3 5003 1672680514 1672680549
user1 5001 1672680575 1672681957
user2 5002 1672680583 1672681333
user3 5003 1672680588 1672680601
user3 5003 1672680614 1672681335
user1 5001 1672682080 1672682104
user2 5002 1672682088 1672682376
user1 5003 1672682137 1672682223
user3 5001 1672682169 1672682217
user3 5001 1672682233 1672682370
user1 5003 1672682288 1672682331
user1 5003 1672682350 1672682373
